    unsorted:	 2.467404390
      sorted:	 2.467404390
